Index	Generated
0	421
1	273
2	21
3	451
4	362
5	402
6	106
7	91
8	95
9	413
10	166
11	324
12	340
13	87
14	318
15	31
16	211
17	437
18	27
19	139
20	66
21	396
22	170
23	130
24	275
25	477
26	206
27	241
28	374
29	499
30	194
31	102
32	456
33	165
34	451
35	45
36	35
37	462
38	139
39	139
40	319
41	439
42	155
43	469
44	467
45	270
46	129
47	29
48	177
49	386
50	413
51	96
52	77
53	196
54	461
55	57
56	120
57	349
58	25
59	107
60	158
61	170
62	189
63	316
64	481
65	272
66	420
67	358
68	37
69	222
70	68
71	435
72	306
73	437
74	199
75	261
76	341
77	443
78	292
79	85
80	175
81	84
82	248
83	464
84	291
85	269
86	110
87	60
88	227
89	384
90	466
91	156
92	363
93	249
94	114
95	23
96	282
97	438
98	57
99	408
100	254
101	157
102	486
103	344
104	190
105	136
106	361
107	314
108	350
109	356
110	221
111	199
112	448
113	40
114	158
115	238
116	474
117	432
118	78
119	481
120	217
121	336
122	427
123	266
124	269
125	290
126	51
127	6
128	314
129	328
130	357
131	343
132	364
133	93
134	32
135	355
136	206
137	256
138	426
139	236
140	326
141	258
142	371
143	195
144	25
145	169
146	376
147	378
148	409
149	393
150	87
151	293
152	329
153	335
154	101
155	143
156	32
157	462
158	419
159	324
160	198
161	221
162	82
163	34
164	304
165	180
166	482
167	306
168	299
169	27
170	142
171	144
172	213
173	317
174	418
175	226
176	480
177	411
178	405
179	217
180	263
181	299
182	11
183	337
184	276
185	260
186	471
187	231
188	63
189	412
190	287
191	163
192	169
193	477
194	361
195	426
196	278
197	451
198	304
199	138
200	112
201	59
202	200
203	462
204	50
205	312
206	295
207	102
208	157
209	34
210	22
211	499
212	458
213	176
214	24
215	123
216	96
217	48
218	74
219	31
220	288
221	390
222	117
223	250
224	204
225	269
226	133
227	239
228	186
229	22
230	6
231	280
232	490
233	127
234	281
235	53
236	375
237	253
238	444
239	428
240	226
241	491
242	395
243	463
244	412
245	370
246	448
247	285
248	84
249	129
250	86
251	442
252	281
253	366
254	74
255	361
256	158
257	144
258	75
259	132
260	104
261	368
262	269
263	462
264	456
265	71
266	37
267	454
268	82
269	350
270	143
271	413
272	230
273	221
274	204
275	173
276	299
277	2
278	78
279	249
280	5
281	241
282	355
283	341
284	416
285	173
286	415
287	192
288	376
289	286
290	287
291	261
292	67
293	311
294	163
295	178
296	314
297	380
298	267
299	380
300	449
301	236
302	426
303	71
304	142
305	248
306	268
307	391
308	341
309	199
310	186
311	137
312	9
313	127
314	296
315	363
316	463
317	87
318	159
319	111
320	348
321	199
322	400
323	55
324	429
325	105
326	138
327	358
328	321
329	5
330	76
331	168
332	318
333	314
334	139
335	223
336	168
337	133
338	175
339	222
340	247
341	299
342	381
343	179
344	104
345	296
346	422
347	329
348	91
349	423
350	34
351	390
352	477
353	32
354	303
355	381
356	497
357	263
358	369
359	456
360	384
361	34
362	179
363	157
364	262
365	114
366	405
367	178
368	468
369	103
370	475
371	341
372	97
373	240
374	5
375	9
376	337
377	487
378	396
379	79
380	60
381	343
382	108
383	409
384	248
385	288
386	44
387	28
388	302
389	368
390	208
391	375
392	188
393	187
394	66
395	64
396	241
397	238
398	145
399	150
400	313
401	358
402	70
403	421
404	475
405	407
406	492
407	62
408	108
409	432
410	39
411	244
412	478
413	313
414	173
415	44
416	335
417	307
418	126
419	40
420	413
421	66
422	443
423	322
424	268
425	169
426	307
427	128
428	31
429	299
430	181
431	429
432	67
433	294
434	216
435	185
436	37
437	72
438	49
439	109
440	106
441	327
442	63
443	468
444	349
445	58
446	394
447	415
448	110
449	210
450	154
451	196
452	319
453	7
454	83
455	15
456	348
457	47
458	202
459	362
460	320
461	5
462	135
463	125
464	94
465	104
466	223
467	475
468	286
469	451
470	412
471	260
472	246
473	153
474	235
475	49
476	477
477	93
478	354
479	134
480	372
481	88
482	424
483	73
484	242
485	360
486	466
487	337
488	165
489	285
490	60
491	165
492	312
493	432
494	109
495	264
496	215
497	239
498	325
499	87
500	232
501	287
502	321
503	326
504	125
505	149
506	204
507	184
508	218
509	304
510	88
511	265
512	349
513	69
514	491
515	114
516	347
517	389
518	218
519	19
520	234
521	360
522	325
523	450
524	146
525	7
526	425
527	309
528	458
529	307
530	282
531	26
532	46
533	401
534	60
535	362
536	85
537	343
538	138
539	115
540	384
541	417
542	2
543	264
544	1
545	333
546	208
547	415
548	78
549	333
550	138
551	351
552	128
553	415
554	65
555	225
556	384
557	159
558	422
559	287
560	378
561	332
562	24
563	231
564	271
565	341
566	37
567	78
568	189
569	87
570	152
571	334
572	50
573	301
574	7
575	335
576	470
577	185
578	327
579	2
580	107
581	214
582	62
583	240
584	194
585	466
586	343
587	444
588	397
589	140
590	476
591	96
592	119
593	187
594	101
595	251
596	164
597	219
598	113
599	25
600	295
601	386
602	39
603	160
604	314
605	160
606	84
607	398
608	45
609	300
610	163
611	312
612	402
613	138
614	70
615	434
616	321
617	385
618	452
619	122
620	436
621	70
622	440
623	103
624	282
625	463
626	45
627	166
628	490
629	319
630	411
631	287
632	215
633	139
634	79
635	98
636	394
637	438
638	83
639	230
640	160
641	10
642	497
643	408
644	494
645	478
646	218
647	189
648	199
649	137
650	47
651	33
652	202
653	136
654	384
655	319
656	106
657	181
658	334
659	195
660	355
661	332
662	307
663	212
664	53
665	86
666	315
667	463
668	95
669	30
670	194
671	233
672	194
673	320
674	273
675	195
676	497
677	458
678	415
679	224
680	247
681	497
682	365
683	370
684	32
685	91
686	418
687	98
688	443
689	455
690	453
691	150
692	448
693	459
694	121
695	196
696	338
697	92
698	160
699	236
700	317
701	93
702	443
703	348
704	392
705	216
706	330
707	100
708	246
709	201
710	171
711	441
712	354
713	469
714	66
715	8
716	492
717	476
718	213
719	227
720	194
721	115
722	193
723	184
724	257
725	212
726	301
727	10
728	82
729	112
730	294
731	36
732	165
733	271
734	124
735	163
736	5
737	197
738	437
739	161
740	80
741	248
742	36
743	147
744	354
745	425
746	342
747	183
748	155
749	156
750	48
751	402
752	235
753	53
754	48
755	473
756	42
757	247
758	163
759	368
760	371
761	74
762	132
763	120
764	105
765	132
766	348
767	331
768	341
769	48
770	170
771	498
772	48
773	123
774	421
775	102
776	19
777	74
778	412
779	284
780	73
781	98
782	422
783	303
784	124
785	79
786	131
787	400
788	107
789	327
790	308
791	345
792	172
793	498
794	111
795	260
796	429
797	187
798	227
799	278
800	41
801	403
802	424
803	376
804	451
805	482
806	258
807	90
808	328
809	167
810	284
811	143
812	409
813	276
814	168
815	342
816	435
817	279
818	50
819	178
820	451
821	57
822	258
823	189
824	22
825	253
826	19
827	327
828	379
829	198
830	390
831	134
832	461
833	176
834	128
835	482
836	215
837	405
838	235
839	143
840	49
841	149
842	292
843	111
844	205
845	492
846	3
847	275
848	360
849	216
850	268
851	410
852	336
853	393
854	75
855	229
856	355
857	362
858	311
859	77
860	194
861	319
862	359
863	93
864	283
865	298
866	197
867	141
868	297
869	211
870	65
871	33
872	163
873	210
874	262
875	265
876	240
877	476
878	432
879	21
880	162
881	62
882	438
883	353
884	20
885	127
886	226
887	127
888	27
889	322
890	216
891	287
892	34
893	51
894	124
895	92
896	130
897	118
898	284
899	113
900	173
901	441
902	202
903	397
904	189
905	396
906	243
907	208
908	65
909	284
910	254
911	110
912	333
913	362
914	287
915	414
916	473
917	447
918	247
919	332
920	352
921	23
922	117
923	365
924	346
925	253
926	124
927	128
928	355
929	206
930	213
931	213
932	411
933	191
934	376
935	53
936	396
937	62
938	474
939	245
940	250
941	246
942	460
943	218
944	206
945	307
946	461
947	90
948	493
949	24
950	311
951	316
952	453
953	167
954	340
955	206
956	27
957	463
958	131
959	288
960	348
961	229
962	264
963	465
964	18
965	205
966	214
967	50
968	338
969	457
970	264
971	59
972	85
973	396
974	324
975	203
976	120
977	333
978	5
979	456
980	9
981	475
982	172
983	471
984	211
985	449
986	6
987	42
988	254
989	367
990	29
991	319
992	404
993	163
994	108
995	39
996	280
997	159
998	460
999	88
